 ans  =

   3.

--> gaussian(1,2,-5,-12,3,1,1,13,-2,1,3,11)

   1.   2.  -5.  -12.
   3.   1.   1.   13.
  -2.   1.   3.   11.

   1.   2.  -5.  -12.
   3.   1.   1.   13.
  -2.   1.   3.   11.

   1.   2.  -5.   -12.
   0.  -5.   16.   49.
  -2.   1.   3.    11.

   1.   2.  -5.   -12.
   0.  -5.   16.   49.
   0.   5.  -7.   -13.

   1.   2.  -5.   -12.
   0.   1.  -3.2  -9.8
   0.   5.  -7.   -13.

   1.   2.  -5.   -12.
   0.   1.  -3.2  -9.8
   0.   0.   9.    36.

   1.   2.  -5.   -12.
   0.   1.  -3.2  -9.8
   0.   0.   1.    4. 

  "z ="

   4.

  "y ="

   3.

  "x ="

   2.
 ans  =

  "End"

--> gaussian(1,3,4,13.5,2,-1,3,6.5,-2,1,.05,.05)

   1.   3.   4.     13.5
   2.  -1.   3.     6.5 
  -2.   1.   0.05   0.05

   1.   3.   4.     13.5
   2.  -1.   3.     6.5 
  -2.   1.   0.05   0.05

   1.   3.   4.     13.5
   0.  -7.  -5.    -20.5
  -2.   1.   0.05   0.05

   1.   3.   4.     13.5 
   0.  -7.  -5.    -20.5 
   0.   7.   8.05   27.05

   1.   3.   4.          13.5     
   0.   1.   0.7142857   2.9285714
   0.   7.   8.05        27.05    

   1.   3.   4.          13.5     
   0.   1.   0.7142857   2.9285714
   0.   0.   3.05        6.55     

   1.   3.   4.          13.5     
   0.   1.   0.7142857   2.9285714
   0.   0.   1.          2.147541 

  "z ="

   2.1475410

  "y ="

   1.3946136

  "x ="

   0.7259953
 ans  =

  "End"

--> gaussian(2,-3,4,2,4,1,2,2,1,1,3,3)

   2.  -3.   4.   2.
   4.   1.   2.   2.
   1.   1.   3.   3.

   1.  -1.5   2.   1.
   4.   1.    2.   2.
   1.   1.    3.   3.

   1.  -1.5   2.   1.
   0.   7.   -6.  -2.
   1.   1.    3.   3.

   1.  -1.5   2.   1.
   0.   7.   -6.  -2.
   0.   2.5   1.   2.

   1.  -1.5   2.          1.       
   0.   1.   -0.8571429  -0.2857143
   0.   2.5   1.          2.       

   1.  -1.5   2.          1.       
   0.   1.   -0.8571429  -0.2857143
   0.   0.    3.1428571   2.7142857

   1.  -1.5   2.          1.       
   0.   1.   -0.8571429  -0.2857143
   0.   0.    1.          0.8636364

  "z ="

   0.8636364

  "y ="

   0.4545455

  "x ="

  -0.0454545
 ans  =

  "End"

--> diary off
 ans  =

   4.

--> 

